070/22.20.90
591-3-352-5200
+(844)823 0322
600 600 11 22
57 1 6069191
(650) 857-1501
01285 654777
01285 654777
+33 1 69.87.41.23
0825.813.823
+39-02-48230001
800820062
1.800.AT.COMPAQ
01 648 6060
00 353 1 648 6060
0120-108908
+39-02-66108000
+ 2542 716 111
+61-8-00449552
+47 23 20 61 00
51-1-211-2828
+48 (22) 64 0001
+48 22 5420400
+351 214 122 659
808208112
+401-202.78.59
092542 716 11
+212 2 248 47 48
+65-63951818
+421 2 5022 2444
+34 901 27 27 27
(94 1) 691 571
+263 4 4 94540
0800 555 544
+41 0848 802 208
+2542 716 111
66 2 257-0099
+90-216-5797777
2542 716 111
213 2 92 33 66
213 2 37 66 12
33 1 55 174 075
34 91 377 8170
+ 27 11 257 0000
54-11-4317-2626
+ 61 2 9870 2131
54-11-4317-2626
54-11-4317-2626
54-11-4317-2626
7 095 745 5445
54-11-4317-2626
971 4 397 5443
54-11-4317-2626
7 095 745 5445
+ 44 870 2411963
54-11-4317-2626
225 20 32 14 16
716-871-2919
54-11-4317-2626
(11) 3328-3396
+ 27 11 257 0000
359 2 731 088
225 20 32 14 16
225 20 32 14 16
716-871-2919
225 20 32 14 16
54-11-4317-2626
225 20 32 14 16
225 20 32 14 16
54-11-4317-2626
+ 61 2 9870 2131
+ 27 11 257 0000
225 20 32 14 16
+ 61 2 9870 2131
54-11-4317-2626
225 20 32 14 16
01 365 0776
961 1983 348
420 2 2177 7222
+ 44 870 2411963
971 4 397 5443
54-11-4317-2626
54-11-4317-2626
54-11-4317-2626
202 331 996
54-11-4317-2626
225 20 32 14 16
+ 27 11 257 0000
372 650 4999
+ 27 11 257 0000
54-11-4317-2626
+ 61 2 9870 2131
+ 61 2 9870 2131
+ 44 870 2411963
+ 44 870 2411963
54-11-4317-2626
+ 61 2 9870 2131
+ 61 2 9870 2131
225 20 32 14 16
225 20 32 14 16
+ 44 870 2411963
"233 21 232 041, or 233 21 234 563"
+ 44 870 2411963
+ 44 870 2411963
0045 38 487 131
54-11-4317-2626
54-11-4317-2626
+ 61 2 9870 2131
54-11-4317-2626
225 20 32 14 16
225 20 32 14 16
54-11-4317-2626
54-11-4317-2626
+ 44 870 2411963
54-11-4317-2626
+ 852 2904-2198
36 1 267-4636
+ 47 23 162 126
+ 44 870 2411963
+ 44 870 2411963
+ 44 870 2411963
54-11-4317-2626
8148+226-5731
961 1 983 348
7 095 745 5445
+27 11 257 0000
+ 61 2 9870 2131
02-567-7881
965 243 1071
7 095 745 5445
65-6324-8098
371 760 5004
961 1 983 348
+27 11 257 0000
225 20 32 14 16
00 41 1 800 9201
370 2 723 035
+ 44 870 2411963
+ 852 2904-2198
+386 1 5853 449
+27 11 257 0000
+27 11 257 0000
225 20 32 14 16
961 1983 348
+ 61 2 9870 2131
54-11-4317-2626
54-11-4317-2626
+27 11 257 0000
+ 61 2 9870 2131
54-11-4317-2626
+ 61 2 9870 2131
00 33 1 55 174 075
00 33 1 55 174 075
7 095 745 5445
54-11-4317-2626
212 22 40 88 33
+27 11 257 0000
+27 11 257 0000
+ 61 2 9870 2131
+ 44 870 2411963
54-11-4317-2626
+ 61 2 9870 2131
+64 9 356 3093
54-11-4317-2626
225 20 32 14 16
234 1 267 3337
234 1 267 3338
+ 61 2 9870 2131
+ 61 2 9870 2131
+ 61 2 9870 2131
+ 44 870 2411963
968 691 191
92 21 111 674 357
+ 61 2 9870 2131
54-11-4317-2626
+ 61 2 9870 2131
54-11-4317-2626
54-11-4317-2626
+64 9 356 3093
48 22 43 11 999
358 2 141 540 65
54-11-4317-2626
971 4 397 5443
+ 61 2 9870 2131
+40 1 203 6161
7 095 745 5445
+27 11 257 0000
54-11-4317-2626
54-11-4317-2626
54-11-4317-2626
+27 11 257 0000
54-11-4317-2626
+ 61 2 9870 2131
00 39 2 696 334 37
225 20 32 14 16
966 1 218 0821
225 20 32 14 16
+ 61 2 9870 2131
225 20 32 14 16
+421 2 67 296 297
+386 1 5853 449
+ 61 2 9870 2131
+27 11 257 0000
+27 11 257 0000
+ 61 2 9870 2131
+ 44 870 2411963
54-11-4317-2626
+ 44 870 2411963
+ 27 11 257 0000
+ 44 870 2411963
+ 44 870 2411963
7 095 745 5445
+27 11 257 0000
225 20 32 14 16
+ 61 2 9870 2131
+ 61 2 9870 2131
54-11-4317-2626
216 1 969 902
90 212 33 66 999
7 095 745 5445
54-11-4317-2626
+ 61 2 9870 2131
+ 27 11 257 0000
380 44 230 5102
971 4 397 5443
+ 44 870 2411963
716-871-2919
54-11-4317-2626
7 095 745 5445
+ 64 9 356 3093
+ 44 870 2411963
54-11-4317-2626
716-871-2919
716-871-2919
+ 61 2 9870 2131
971 4 397 5443
+ 386 1 5853 449
+ 27 11 257 0000
+ 27 11 257 0000
(028) 90 41 58 98
028 777 23456
028 90 56 47 34
028 90 458123
0800-90-80-90
02890712712
